4.000000000000000000e+00
6.000000000000000000e+00
2.200000000000000000e+01
2.600000000000000000e+01
2.900000000000000000e+01
4.100000000000000000e+01
4.300000000000000000e+01
4.600000000000000000e+01
4.800000000000000000e+01
4.900000000000000000e+01
5.100000000000000000e+01
5.600000000000000000e+01
5.700000000000000000e+01
6.000000000000000000e+01
6.100000000000000000e+01
7.100000000000000000e+01
7.700000000000000000e+01
8.100000000000000000e+01
9.000000000000000000e+01
9.900000000000000000e+01
1.040000000000000000e+02
1.060000000000000000e+02
1.130000000000000000e+02
1.150000000000000000e+02
1.230000000000000000e+02
1.290000000000000000e+02
1.300000000000000000e+02
1.420000000000000000e+02
1.520000000000000000e+02
1.550000000000000000e+02
1.560000000000000000e+02
1.870000000000000000e+02
1.950000000000000000e+02
1.960000000000000000e+02
1.980000000000000000e+02
2.110000000000000000e+02
2.130000000000000000e+02
2.180000000000000000e+02
2.200000000000000000e+02
2.310000000000000000e+02
2.330000000000000000e+02
2.370000000000000000e+02
2.380000000000000000e+02
2.400000000000000000e+02
2.490000000000000000e+02
2.560000000000000000e+02
2.570000000000000000e+02
2.580000000000000000e+02
2.670000000000000000e+02
2.680000000000000000e+02
2.700000000000000000e+02
2.740000000000000000e+02
2.810000000000000000e+02
2.840000000000000000e+02
2.910000000000000000e+02
2.950000000000000000e+02
2.990000000000000000e+02
3.000000000000000000e+02
3.010000000000000000e+02
3.020000000000000000e+02
3.040000000000000000e+02
3.070000000000000000e+02
3.080000000000000000e+02
3.110000000000000000e+02
3.190000000000000000e+02
3.230000000000000000e+02
3.250000000000000000e+02
3.360000000000000000e+02
3.370000000000000000e+02
3.410000000000000000e+02
3.480000000000000000e+02
3.490000000000000000e+02
3.500000000000000000e+02
3.520000000000000000e+02
3.560000000000000000e+02
3.570000000000000000e+02
3.680000000000000000e+02
3.690000000000000000e+02
3.750000000000000000e+02
3.770000000000000000e+02
3.790000000000000000e+02
3.840000000000000000e+02
3.940000000000000000e+02
4.040000000000000000e+02
4.050000000000000000e+02
4.200000000000000000e+02
4.220000000000000000e+02
4.300000000000000000e+02
4.320000000000000000e+02
4.330000000000000000e+02
4.340000000000000000e+02
4.400000000000000000e+02
4.420000000000000000e+02
4.460000000000000000e+02
4.510000000000000000e+02
4.530000000000000000e+02
4.540000000000000000e+02
4.580000000000000000e+02
4.670000000000000000e+02
4.730000000000000000e+02
4.810000000000000000e+02
4.820000000000000000e+02
4.850000000000000000e+02
4.910000000000000000e+02
4.990000000000000000e+02
5.040000000000000000e+02
5.070000000000000000e+02
5.130000000000000000e+02
5.160000000000000000e+02
5.310000000000000000e+02
5.340000000000000000e+02
5.400000000000000000e+02
5.470000000000000000e+02
5.480000000000000000e+02
5.520000000000000000e+02
5.600000000000000000e+02
5.650000000000000000e+02
5.670000000000000000e+02
5.700000000000000000e+02
5.750000000000000000e+02
5.790000000000000000e+02
5.820000000000000000e+02
5.850000000000000000e+02
5.860000000000000000e+02
6.000000000000000000e+02
6.020000000000000000e+02
6.080000000000000000e+02
6.090000000000000000e+02
6.180000000000000000e+02
6.200000000000000000e+02
6.210000000000000000e+02
6.230000000000000000e+02
6.280000000000000000e+02
6.330000000000000000e+02
6.370000000000000000e+02
6.430000000000000000e+02
6.450000000000000000e+02
6.510000000000000000e+02
6.540000000000000000e+02
6.670000000000000000e+02
6.690000000000000000e+02
6.720000000000000000e+02
6.750000000000000000e+02
6.770000000000000000e+02
6.800000000000000000e+02
6.810000000000000000e+02
6.880000000000000000e+02
6.920000000000000000e+02
7.010000000000000000e+02
7.020000000000000000e+02
7.090000000000000000e+02
7.200000000000000000e+02
7.290000000000000000e+02
7.350000000000000000e+02
7.400000000000000000e+02
7.530000000000000000e+02
7.540000000000000000e+02
7.670000000000000000e+02
7.700000000000000000e+02
7.740000000000000000e+02
7.760000000000000000e+02
7.910000000000000000e+02
7.960000000000000000e+02
8.020000000000000000e+02
8.040000000000000000e+02
8.080000000000000000e+02
8.120000000000000000e+02
8.280000000000000000e+02
8.310000000000000000e+02
8.330000000000000000e+02
8.380000000000000000e+02
8.430000000000000000e+02
8.440000000000000000e+02
8.450000000000000000e+02
8.480000000000000000e+02
8.550000000000000000e+02
8.560000000000000000e+02
8.600000000000000000e+02
8.620000000000000000e+02
8.790000000000000000e+02
8.840000000000000000e+02
8.850000000000000000e+02
8.890000000000000000e+02
8.910000000000000000e+02
9.000000000000000000e+02
9.060000000000000000e+02
9.130000000000000000e+02
9.140000000000000000e+02
9.170000000000000000e+02
9.180000000000000000e+02
9.240000000000000000e+02
9.350000000000000000e+02
9.450000000000000000e+02
9.460000000000000000e+02
9.520000000000000000e+02
9.550000000000000000e+02
9.570000000000000000e+02
9.580000000000000000e+02
9.630000000000000000e+02
9.720000000000000000e+02
9.740000000000000000e+02
9.880000000000000000e+02
1.000000000000000000e+03
1.004000000000000000e+03
1.005000000000000000e+03
1.013000000000000000e+03
1.019000000000000000e+03
1.038000000000000000e+03
1.042000000000000000e+03
1.048000000000000000e+03
1.049000000000000000e+03
1.054000000000000000e+03
1.056000000000000000e+03
1.059000000000000000e+03
1.060000000000000000e+03
1.062000000000000000e+03
1.064000000000000000e+03
1.066000000000000000e+03
1.070000000000000000e+03
1.074000000000000000e+03
1.076000000000000000e+03
1.078000000000000000e+03
1.108000000000000000e+03
1.109000000000000000e+03
1.111000000000000000e+03
1.112000000000000000e+03
1.116000000000000000e+03
1.119000000000000000e+03
1.121000000000000000e+03
1.129000000000000000e+03
1.130000000000000000e+03
1.142000000000000000e+03
1.146000000000000000e+03
1.148000000000000000e+03
1.153000000000000000e+03
1.155000000000000000e+03
1.164000000000000000e+03
1.167000000000000000e+03
1.182000000000000000e+03
1.187000000000000000e+03
1.211000000000000000e+03
1.214000000000000000e+03
1.220000000000000000e+03
1.227000000000000000e+03
1.229000000000000000e+03
1.230000000000000000e+03
1.232000000000000000e+03
1.235000000000000000e+03
1.240000000000000000e+03
1.245000000000000000e+03
1.249000000000000000e+03
1.250000000000000000e+03
1.254000000000000000e+03
1.255000000000000000e+03
1.257000000000000000e+03
1.260000000000000000e+03
1.263000000000000000e+03
1.282000000000000000e+03
1.288000000000000000e+03
1.289000000000000000e+03
1.290000000000000000e+03
1.291000000000000000e+03
1.300000000000000000e+03
1.301000000000000000e+03
1.313000000000000000e+03
1.315000000000000000e+03
1.320000000000000000e+03
1.323000000000000000e+03
1.326000000000000000e+03
1.328000000000000000e+03
1.331000000000000000e+03
1.334000000000000000e+03
1.337000000000000000e+03
1.338000000000000000e+03
1.339000000000000000e+03
1.340000000000000000e+03
1.341000000000000000e+03
1.342000000000000000e+03
1.347000000000000000e+03
1.348000000000000000e+03
1.349000000000000000e+03
1.350000000000000000e+03
1.351000000000000000e+03
1.359000000000000000e+03
1.361000000000000000e+03
1.363000000000000000e+03
1.374000000000000000e+03
1.376000000000000000e+03
1.385000000000000000e+03
1.395000000000000000e+03
1.396000000000000000e+03
1.399000000000000000e+03
1.407000000000000000e+03
1.408000000000000000e+03
1.415000000000000000e+03
1.423000000000000000e+03
1.426000000000000000e+03
1.431000000000000000e+03
1.432000000000000000e+03
1.436000000000000000e+03
1.440000000000000000e+03
1.441000000000000000e+03
1.445000000000000000e+03
1.449000000000000000e+03
1.453000000000000000e+03
1.454000000000000000e+03
1.455000000000000000e+03
1.456000000000000000e+03
1.460000000000000000e+03
1.464000000000000000e+03
1.467000000000000000e+03
1.471000000000000000e+03
1.474000000000000000e+03
1.475000000000000000e+03
1.487000000000000000e+03
1.490000000000000000e+03
