0.000000000000000000e+00
2.000000000000000000e+00
9.000000000000000000e+00
1.300000000000000000e+01
1.800000000000000000e+01
2.100000000000000000e+01
2.700000000000000000e+01
2.800000000000000000e+01
3.000000000000000000e+01
3.100000000000000000e+01
3.400000000000000000e+01
3.600000000000000000e+01
5.200000000000000000e+01
5.500000000000000000e+01
5.800000000000000000e+01
6.200000000000000000e+01
6.400000000000000000e+01
6.700000000000000000e+01
6.800000000000000000e+01
6.900000000000000000e+01
7.200000000000000000e+01
7.400000000000000000e+01
8.000000000000000000e+01
9.200000000000000000e+01
9.700000000000000000e+01
1.000000000000000000e+02
1.010000000000000000e+02
1.030000000000000000e+02
1.070000000000000000e+02
1.170000000000000000e+02
1.190000000000000000e+02
1.330000000000000000e+02
1.360000000000000000e+02
1.410000000000000000e+02
1.450000000000000000e+02
1.530000000000000000e+02
1.580000000000000000e+02
1.630000000000000000e+02
1.670000000000000000e+02
1.680000000000000000e+02
1.770000000000000000e+02
1.780000000000000000e+02
1.800000000000000000e+02
1.810000000000000000e+02
1.850000000000000000e+02
1.930000000000000000e+02
2.080000000000000000e+02
2.090000000000000000e+02
2.100000000000000000e+02
2.150000000000000000e+02
2.170000000000000000e+02
2.240000000000000000e+02
2.360000000000000000e+02
2.410000000000000000e+02
2.430000000000000000e+02
2.440000000000000000e+02
2.530000000000000000e+02
2.590000000000000000e+02
2.610000000000000000e+02
2.660000000000000000e+02
2.690000000000000000e+02
2.730000000000000000e+02
2.770000000000000000e+02
2.970000000000000000e+02
3.030000000000000000e+02
3.090000000000000000e+02
3.150000000000000000e+02
3.160000000000000000e+02
3.210000000000000000e+02
3.260000000000000000e+02
3.300000000000000000e+02
3.400000000000000000e+02
3.420000000000000000e+02
3.440000000000000000e+02
3.610000000000000000e+02
3.620000000000000000e+02
3.650000000000000000e+02
3.670000000000000000e+02
3.730000000000000000e+02
3.740000000000000000e+02
3.760000000000000000e+02
3.780000000000000000e+02
3.860000000000000000e+02
3.910000000000000000e+02
3.990000000000000000e+02
4.070000000000000000e+02
4.080000000000000000e+02
4.090000000000000000e+02
4.100000000000000000e+02
4.130000000000000000e+02
4.160000000000000000e+02
4.260000000000000000e+02
4.290000000000000000e+02
4.410000000000000000e+02
4.590000000000000000e+02
4.630000000000000000e+02
4.710000000000000000e+02
4.720000000000000000e+02
4.740000000000000000e+02
4.750000000000000000e+02
4.860000000000000000e+02
4.960000000000000000e+02
5.080000000000000000e+02
5.100000000000000000e+02
5.240000000000000000e+02
5.250000000000000000e+02
5.280000000000000000e+02
5.320000000000000000e+02
5.490000000000000000e+02
5.560000000000000000e+02
5.580000000000000000e+02
5.680000000000000000e+02
5.730000000000000000e+02
5.740000000000000000e+02
5.770000000000000000e+02
5.810000000000000000e+02
5.880000000000000000e+02
5.990000000000000000e+02
6.030000000000000000e+02
6.040000000000000000e+02
6.120000000000000000e+02
6.190000000000000000e+02
6.250000000000000000e+02
6.300000000000000000e+02
6.310000000000000000e+02
6.320000000000000000e+02
6.360000000000000000e+02
6.390000000000000000e+02
6.470000000000000000e+02
6.550000000000000000e+02
6.580000000000000000e+02
6.680000000000000000e+02
6.710000000000000000e+02
6.820000000000000000e+02
6.860000000000000000e+02
6.890000000000000000e+02
6.900000000000000000e+02
6.940000000000000000e+02
6.970000000000000000e+02
6.990000000000000000e+02
7.000000000000000000e+02
7.110000000000000000e+02
7.150000000000000000e+02
7.160000000000000000e+02
7.260000000000000000e+02
7.310000000000000000e+02
7.320000000000000000e+02
7.330000000000000000e+02
7.340000000000000000e+02
7.360000000000000000e+02
7.370000000000000000e+02
7.410000000000000000e+02
7.440000000000000000e+02
7.500000000000000000e+02
7.510000000000000000e+02
7.520000000000000000e+02
7.560000000000000000e+02
7.610000000000000000e+02
7.780000000000000000e+02
7.890000000000000000e+02
7.900000000000000000e+02
7.930000000000000000e+02
8.070000000000000000e+02
8.160000000000000000e+02
8.220000000000000000e+02
8.340000000000000000e+02
8.370000000000000000e+02
8.390000000000000000e+02
8.420000000000000000e+02
8.460000000000000000e+02
8.510000000000000000e+02
8.540000000000000000e+02
8.670000000000000000e+02
8.690000000000000000e+02
8.740000000000000000e+02
8.770000000000000000e+02
8.870000000000000000e+02
8.970000000000000000e+02
9.020000000000000000e+02
9.070000000000000000e+02
9.100000000000000000e+02
9.120000000000000000e+02
9.150000000000000000e+02
9.160000000000000000e+02
9.260000000000000000e+02
9.330000000000000000e+02
9.370000000000000000e+02
9.380000000000000000e+02
9.420000000000000000e+02
9.600000000000000000e+02
9.640000000000000000e+02
9.700000000000000000e+02
9.760000000000000000e+02
9.770000000000000000e+02
9.810000000000000000e+02
9.840000000000000000e+02
9.850000000000000000e+02
9.860000000000000000e+02
9.920000000000000000e+02
9.960000000000000000e+02
1.001000000000000000e+03
1.009000000000000000e+03
1.021000000000000000e+03
1.033000000000000000e+03
1.034000000000000000e+03
1.041000000000000000e+03
1.043000000000000000e+03
1.044000000000000000e+03
1.047000000000000000e+03
1.050000000000000000e+03
1.051000000000000000e+03
1.055000000000000000e+03
1.061000000000000000e+03
1.073000000000000000e+03
1.075000000000000000e+03
1.081000000000000000e+03
1.082000000000000000e+03
1.087000000000000000e+03
1.100000000000000000e+03
1.105000000000000000e+03
1.107000000000000000e+03
1.114000000000000000e+03
1.115000000000000000e+03
1.118000000000000000e+03
1.126000000000000000e+03
1.133000000000000000e+03
1.134000000000000000e+03
1.150000000000000000e+03
1.151000000000000000e+03
1.154000000000000000e+03
1.159000000000000000e+03
1.162000000000000000e+03
1.173000000000000000e+03
1.176000000000000000e+03
1.177000000000000000e+03
1.179000000000000000e+03
1.188000000000000000e+03
1.197000000000000000e+03
1.201000000000000000e+03
1.205000000000000000e+03
1.207000000000000000e+03
1.208000000000000000e+03
1.219000000000000000e+03
1.221000000000000000e+03
1.224000000000000000e+03
1.231000000000000000e+03
1.239000000000000000e+03
1.241000000000000000e+03
1.247000000000000000e+03
1.266000000000000000e+03
1.267000000000000000e+03
1.270000000000000000e+03
1.273000000000000000e+03
1.276000000000000000e+03
1.278000000000000000e+03
1.286000000000000000e+03
1.292000000000000000e+03
1.294000000000000000e+03
1.304000000000000000e+03
1.307000000000000000e+03
1.308000000000000000e+03
1.311000000000000000e+03
1.312000000000000000e+03
1.318000000000000000e+03
1.329000000000000000e+03
1.330000000000000000e+03
1.336000000000000000e+03
1.345000000000000000e+03
1.346000000000000000e+03
1.354000000000000000e+03
1.355000000000000000e+03
1.357000000000000000e+03
1.358000000000000000e+03
1.362000000000000000e+03
1.368000000000000000e+03
1.370000000000000000e+03
1.380000000000000000e+03
1.382000000000000000e+03
1.397000000000000000e+03
1.398000000000000000e+03
1.403000000000000000e+03
1.404000000000000000e+03
1.406000000000000000e+03
1.410000000000000000e+03
1.413000000000000000e+03
1.418000000000000000e+03
1.420000000000000000e+03
1.424000000000000000e+03
1.425000000000000000e+03
1.428000000000000000e+03
1.450000000000000000e+03
1.457000000000000000e+03
1.459000000000000000e+03
1.466000000000000000e+03
1.469000000000000000e+03
1.470000000000000000e+03
1.476000000000000000e+03
1.480000000000000000e+03
1.486000000000000000e+03
1.488000000000000000e+03
