1
5
7
12
16
20
54
59
66
70
75
83
110
128
132
139
148
149
150
151
157
159
162
164
169
197
201
204
216
222
225
234
246
247
254
263
288
292
317
324
327
354
355
366
371
387
389
395
397
402
403
414
415
417
437
438
444
449
455
465
470
477
479
484
487
497
501
502
505
514
518
520
544
550
551
553
557
562
572
578
583
587
589
590
592
607
610
634
642
656
673
679
706
710
717
719
722
723
738
758
764
780
781
797
801
803
811
815
819
824
830
840
841
850
857
866
870
872
875
876
895
896
904
905
925
936
940
951
954
956
961
962
967
973
979
982
994
998
1007
1014
1015
1018
1022
1030
1035
1058
1068
1072
1080
1094
1095
1104
1132
1136
1140
1147
1156
1171
1172
1183
1191
1192
1194
1195
1210
1216
1222
1223
1228
1233
1234
1246
1261
1262
1277
1280
1293
1306
1309
1322
1325
1332
1343
1360
1367
1371
1372
1378
1379
1389
1391
1392
1394
1427
1443
1448
1463
1468
1477
1482
1483
1492
